49 7
650073 943658 108930 211272 27544 850878 777923 
237709
564440
438165
484492
243042
807987
522503
282327
531729
378840
542612
544303
833169
817709
97157
129560
570933
493099
280278
351816
795335
899097
807826
613512
929267
723810
877633
580979
379149
236579
558821
511967
10672
901393
819336
125485
91745
425228
894091
640194
186357
35001
921153
616708
357944
515668
571490
788124
702196
3 30
727722 454666 728549 118024 797801 806853 540977 847408 308228 374933 260298 938981 28635 408013 623865 389814 739063 554536 339425 1669 724115 220094 75629 446501 546517 934195 30105 810404 319451 194298 
782188
821123
799505
52 82
731566 936716 130337 354438 53144 851501 844897 783871 955828 111137 619358 153177 982397 722294 477904 621609 946231 959745 844175 853635 266298 98142 880399 827968 90412 400260 673557 441594 688008 716395 325968 119113 204530 471006 910962 797942 285365 842082 179852 530767 633821 185695 824712 973671 859901 248590 724831 314738 153057 631616 819790 555640 110679 437335 77006 497972 936098 649095 975319 583454 345223 112289 556760 948905 586126 236123 129506 45813 476770 935238 329094 896220 987844 712366 140534 725226 915394 941363 318738 607844 559590 436550 
145159
808623
764947
597385
307217
195272
755539
399247
242385
413496
894885
140623
682420
28144
531968
335735
699915
161625
663534
46042
796011
454679
24152
575244
977295
878818
590396
87692
301815
112991
740033
122669
119397
489553
410547
975825
121210
729662
830211
533808
273377
822761
625
737335
401868
977995
2776
62767
997439
829874
689331
540556
72 1
300560 
120094
918984
113755
639789
851407
828015
30193
222769
15680
303455
16855
267506
170963
233502
586676
863108
963249
602331
277844
887638
760808
939997
428651
54849
645203
495731
796531
198014
395419
636775
42009
530180
687929
995223
244054
588260
76737
991545
747317
837525
204200
134256
421564
960597
306648
337704
225550
925150
541976
301412
938554
482797
102504
348381
34748
7065
659378
847699
878209
725129
578553
265483
650447
264607
180773
45322
664305
755176
170053
927224
784630
280366
44 0

495370
570285
883016
193898
608155
841133
515557
696576
953178
658266
187357
221711
227878
320614
474819
795737
983133
620591
623720
48762
306633
976197
576031
238588
860589
54873
998877
637304
979358
861200
777254
68960
14915
293947
645480
207730
669955
674546
837107
841238
340000
984926
545035
774857
14 13
929593 601360 498354 968418 25357 342585 313729 721015 776563 106102 860917 786643 819419 
62967
547747
245269
855395
423303
404473
719103
711748
424385
205658
163459
45406
673930
739824
73 32
959603 246897 907920 603950 135231 488480 620203 213900 824520 462533 481258 217003 618676 820950 423934 558780 279879 941832 482574 433549 174542 306249 252771 766310 915879 200983 669970 392040 82723 73650 902971 753229 
190318
917746
710299
687230
185621
270776
850124
668244
76958
747696
666771
829064
791560
56598
318751
869940
764503
789551
192801
427205
315080
780418
559274
659649
40413
783320
519025
322012
901783
854788
624117
424008
81550
265324
319195
451257
824511
835690
438666
262410
760593
490553
809565
190960
228742
151403
254352
7307
256141
244910
413200
192799
343127
120171
157787
334414
31625
116641
619517
55348
901842
114315
515974
181445
211373
972220
739911
509239
245054
641305
556929
382253
354189
56 66
359304 659860 645898 5592 901720 866116 151580 98867 149352 26939 178698 494901 160811 716616 756891 848671 331728 326671 951661 77045 303120 620240 317158 299453 769627 685350 853711 535563 629594 207533 401727 307827 398795 919531 737442 351516 885006 478515 466924 642601 627097 168661 967103 34324 980108 44936 2281 517015 43710 963216 301905 775973 767781 882720 270791 481169 297865 715827 329536 616728 357125 320384 580167 789949 500476 416046 
521576
568666
577467
260520
627384
341991
425210
333258
428211
268744
419518
685718
321934
666825
280767
658689
449818
73014
211825
102918
958028
333029
78034
6727
151240
933754
486540
408396
90935
203083
48048
846865
87011
615252
553064
377876
17237
232675
70245
482710
470415
728192
24710
454747
463037
701299
368447
949715
241693
259579
567129
195164
333979
553501
295525
110289
33 58
211800 165089 87670 535217 880846 521038 509543 240338 385936 603321 597719 536496 791247 943788 428359 425987 145035 765235 383912 185684 745989 683784 263734 422667 500519 972615 167045 665976 326661 365825 182819 271631 422903 72698 936798 92639 914004 909503 800679 748765 207391 904107 264924 314365 57121 114454 777106 127450 51703 530832 71032 932141 961654 281977 942217 753900 357289 173465 
84747
3622
289879
459317
301516
564048
182762
121029
649039
52708
605903
502657
510761
375752
561466
108621
44557
6996
426955
266930
21494
645555
192221
429312
802293
231427
142232
477444
234791
402198
549152
444856
273570
39 3
712914 735799 626766 
591835
981921
846043
122752
574086
289719
439150
168410
418623
44669
409605
349943
437311
922431
977992
139816
138699
786971
180639
501370
325836
679891
182857
94833
383328
518177
474410
217683
885176
523489
972091
70434
484711
226904
491026
464891
610790
500522
559364
84 90
116813 341441 907127 316179 185784 994537 329870 387561 32581 374165 545802 357732 367332 347854 459759 609847 972377 940462 979010 943819 298150 413377 900941 143836 826720 832299 396112 734759 219956 974390 536152 330048 695014 959044 514918 240150 350101 741295 819821 295731 644501 128245 154961 946057 703510 593928 350805 662173 782137 309669 439096 4503 447421 318675 278518 224300 276489 740262 532054 868263 358643 24889 245250 776735 469415 31364 52494 850963 867758 985652 485092 957316 766714 761420 958060 807450 63368 78741 891847 199196 4787 902501 188234 93128 270571 377448 687875 817253 641871 669329 
562293
433719
973471
738820
725764
681079
142630
594410
688080
266113
863342
398138
248382
146044
698828
998393
863575
800980
109000
945596
5947
767370
266087
506543
952733
262852
490261
376824
554400
982380
370778
871857
373423
59498
567014
252845
261662
468509
726610
596849
709218
19290
775055
285743
518555
236385
606534
86275
877321
811151
921226
775251
694459
632783
316714
366437
337879
907698
914100
383137
94285
445878
918284
470342
164915
45960
63067
735140
810707
543566
320728
562
466363
241969
242890
712623
222278
917313
245761
127010
834840
576978
646000
207394
56 7
166551 761786 993431 554544 880739 408776 507584 
74252
374108
275514
991454
595019
783028
466671
592370
756663
867947
684024
424543
916854
306008
114981
780552
986288
768163
508359
411019
255379
195356
419461
408487
308353
743899
985788
794244
369880
582466
738283
665274
300236
318909
898567
621834
847939
69684
169651
289549
709266
747467
110
619589
486327
97773
625581
889295
607936
637874
245435
558231
566972
983028
319798
139070
97 87
369089 102646 29090 958111 966612 957463 872112 923781 551951 329230 703321 453213 655128 371950 228600 288959 949754 289992 655194 403330 48632 353559 858777 67779 118632 263272 86383 839081 237153 132622 398521 297956 609818 275591 366900 400196 874120 762704 733599 207129 527144 859175 140870 818416 204599 947080 874618 764288 279452 648128 552800 87662 744840 279149 486385 66583 924515 630659 114878 245959 918561 668382 728048 884054 49440 351381 218770 702028 340251 367544 405869 117595 872469 722710 508172 605923 552125 256219 298850 461431 111243 447846 725869 766670 841394 94610 26392 
731064
109524
559361
439519
693620
681562
171661
303725
479434
5949
622090
137322
486260
260093
159928
385122
716381
226366
766468
171023
112722
966639
463517
608793
769364
359178
61956
356771
988341
751355
160836
768489
979728
467120
474902
910312
439616
633347
853946
32851
702672
725811
846523
191736
482605
29607
380633
587866
391553
941412
997925
814040
59153
634257
221733
588295
988139
42251
961258
292694
194160
251138
949929
919875
804598
794292
225633
814562
443276
193236
590646
783873
929464
627484
742192
54119
333842
499328
78859
800262
44145
205716
127127
292172
908748
344000
174370
261398
961292
589545
808928
612300
792143
652192
973563
314783
344272
9 1
246221 
614486
624513
415769
432531
245357
345819
649486
546856
739816
54 54
549814 962615 166537 762966 647297 458877 625760 77412 580191 638231 754174 412463 814877 180324 494784 527833 306750 759527 44999 377429 199609 412144 155364 372451 32812 651979 124134 132407 793583 567600 614259 388310 900753 115891 379321 673225 965253 613929 236096 730553 530661 784858 827491 822963 542920 40768 181687 816526 455472 835219 655641 138204 382951 288092 
458445
181370
449474
741962
996176
225317
525826
958413
223344
662571
485979
551035
468129
657288
959848
700978
505617
417723
447838
619508
888929
194926
829968
471806
825199
332255
559829
323276
703488
527896
102819
161864
91137
192416
580318
904491
180683
918398
991120
119748
689961
705651
311018
275977
379946
518661
931478
112228
225063
225235
971506
591308
178968
955679
23 19
349677 79392 378953 356978 151853 889295 708271 548475 140204 966962 128032 708819 483531 534035 609468 152468 652610 350234 67270 
706778
506265
969045
143279
289075
675327
712687
225363
659037
375766
974534
803083
818675
926184
559555
44156
517399
963664
852093
757886
120633
244924
888047
30 94
336767 825665 106910 631682 56805 396314 579652 176241 973585 637591 897806 64760 517960 200912 710403 463430 101085 214200 48585 984467 230484 3988 955200 495686 380100 145495 328199 161102 804428 367183 793917 507136 687802 74489 456578 239725 20789 446722 860595 340605 842319 638691 420721 617774 898514 469862 575706 671283 334626 916419 723801 194330 897644 452375 423258 101462 103131 46736 760720 808308 161024 86947 380508 188411 19397 556000 278314 361896 533999 695645 592533 514962 280539 813754 558821 694286 976536 200010 614662 578173 314493 106635 374988 284571 506838 804821 964891 98413 250560 889957 344092 258743 889775 832768 
330413
900415
816636
519891
223347
254369
654832
24134
828928
195143
240879
510906
39054
425807
132537
535203
604421
927447
951034
351949
119416
767759
81938
778550
635183
352186
581096
959685
470524
697922
81 63
173012 233251 472202 635495 61536 933454 302208 446980 608031 220830 632095 566714 913112 612136 629937 122009 215685 842919 884381 869610 899908 211609 899439 532867 996119 811266 74999 444520 974515 242577 459922 197142 203980 335881 826885 910030 756325 812436 146994 343945 452602 923233 628480 963456 292834 676517 198881 708781 433458 362805 174992 574160 848651 616201 708542 953944 49635 207555 321872 57443 947322 637013 378441 
284781
885779
669518
547160
861729
864955
459082
729364
903032
819313
459195
434328
22504
619855
437711
403881
811610
99904
392551
177616
996761
948864
645405
432122
965113
4943
48636
585118
52994
952188
253743
517639
274502
70343
655070
336219
848212
703317
209932
427782
274097
47859
447073
335590
244819
344010
780911
853015
934978
228542
996045
48270
560562
903008
273983
531099
440709
838213
18550
642951
254665
3502
251617
614953
135299
17916
707584
911869
367442
823503
41515
74329
507257
713382
90264
109352
605154
532526
116027
378755
449259
86 52
267422 559129 243786 595549 741879 229198 278890 498603 414686 632443 568827 293585 300198 488587 470817 134031 173476 867461 131563 550214 906383 386832 329722 325511 132791 682871 506142 164733 431553 378030 222380 478704 864915 798887 837110 66681 411558 848786 111433 304040 862659 521936 617562 676938 949754 154526 233526 929712 227595 898621 581177 810341 
369158
783054
606020
77197
864727
832451
659462
610332
22937
900804
446057
454405
200907
799943
294258
256539
217343
383697
222281
332965
181457
875605
490117
68412
485624
190184
861459
320299
242216
614740
796851
387846
892922
376893
138615
358049
251361
493649
717231
657796
326123
50696
487444
995250
596238
472431
59359
715935
821265
577801
718387
632437
563948
215120
815424
423894
542775
127903
934989
116286
990845
634143
657257
216332
313261
385578
157104
384202
157031
978220
884686
878630
938643
262367
205648
103844
497317
829749
70125
941273
607863
845416
246680
415348
360979
50957
5 14
72189 233307 794905 874527 613614 483715 179308 398897 369449 997495 456029 409026 487866 984398 
458985
946662
677518
98853
70579
83 3
810723 830559 53221 
421174
979034
422675
240702
89436
63279
542915
594750
813013
788850
172492
502948
84083
182981
225847
543208
232706
710178
442306
158267
804114
633910
984470
127358
428617
124946
222304
977656
949663
733637
449898
191734
348656
168508
153012
259113
96280
276724
779104
684613
252073
739962
292979
464377
948269
291147
805631
719753
325633
338739
552520
451194
677597
889424
836871
984958
93320
488948
628018
437401
320517
406392
512613
423580
691356
587940
988594
903868
535670
282463
521649
965134
176425
439871
891891
985650
981217
630010
342654
916525
863901
905494
396392
70 34
192546 456187 836121 831565 483589 412971 954865 871160 512110 40775 928109 269694 623323 31534 118474 634414 155494 440423 846875 673077 421357 825627 705222 485574 490172 198839 24039 168183 554417 350530 633890 82606 594896 502012 
885895
831938
517516
505321
869684
839227
295578
24460
861972
443487
243635
111581
750526
439194
162030
251295
669258
933419
82212
863443
492312
368706
326628
526593
963926
431226
482726
842733
972981
195296
429392
618061
559009
721377
596124
150522
814240
701052
717815
455180
871292
957151
606052
94973
524677
930417
647626
412465
26261
622739
820849
25007
517719
452430
210376
837825
393581
208327
118659
513497
801193
658225
164829
698822
551348
332553
360879
469468
556227
337424
77 31
776406 580500 21272 631601 353930 530698 899077 414549 427294 377127 423652 100059 919577 154670 138151 607224 697084 505020 975015 5219 854177 238695 86895 925664 985600 595118 405117 313723 581617 43754 99568 
538587
74575
304913
838122
604157
410716
140582
160142
340962
568008
298440
637305
121170
317406
545201
588719
451620
352962
830317
457135
31752
760894
263235
784610
810831
84363
751851
203847
255451
341110
745549
989447
526234
571748
349223
668088
886771
260932
408959
287256
275345
774702
959723
872889
851819
627494
734886
37107
817392
452500
684946
785401
429365
732744
502756
134474
997917
335775
783695
222866
206864
876491
490791
799940
813756
594059
419897
578097
475309
295563
346022
169085
676899
693519
471720
407392
550148
76 53
862876 276833 433797 895193 882903 708008 224374 186766 616303 536630 767581 269186 903725 567669 136425 975158 743185 152399 825421 83114 910260 995056 534872 410053 203853 175775 854581 89555 716162 945048 482745 999452 940470 601631 398400 652263 829547 298919 377370 228201 783959 598582 811579 438996 976029 363501 707656 550930 365581 966420 996362 82151 94045 
393170
988454
185157
525093
348015
669808
753861
813966
391173
641878
693086
987030
913052
548026
774379
969710
823432
121951
465772
943301
430187
518879
895608
137537
997036
296202
318478
437123
544088
82574
984509
423596
915123
368762
178123
137846
923879
944155
361674
578722
851431
168657
704971
796579
966194
940527
904656
586036
158216
778347
806813
836584
350257
15860
51557
802600
601236
431513
527533
526475
948910
36162
553266
303806
745108
167507
962173
787537
567896
50055
723224
564466
345408
766833
79561
980557
76 71
376114 525914 341289 615735 91859 112638 408694 88460 852927 168343 650842 418455 652121 695711 843580 681612 208809 35690 405483 521545 948438 972434 180938 222764 986481 792840 404550 600118 741175 593598 278274 280687 498842 405588 229820 437782 49805 94734 449220 768046 637903 834620 238850 566975 935362 42342 947070 302438 769142 308115 264735 827177 438734 682267 539874 557580 517390 380696 563006 725881 716043 832272 721355 83638 741975 60620 247375 901986 318197 389305 40537 
972595
914783
685495
920176
358883
525082
499827
899151
542599
115305
308951
476377
254006
623790
79595
118396
653661
828231
232725
880606
884379
490470
794024
721357
859122
404053
781473
75280
214503
835083
615934
282582
259857
879563
298041
604637
17829
274687
852786
519951
756094
711622
629630
469630
963154
231506
463219
874717
796483
249139
175913
371692
90639
396144
720068
818083
6429
911865
979805
933387
940
492287
979197
846679
369568
510363
478900
517999
151447
221501
174488
497205
290320
226244
663572
753076
19 30
358969 552988 701629 636152 911132 24558 748607 251681 524562 733216 804409 769245 657548 613685 223708 700813 292867 248105 939614 49654 116335 198470 56163 813979 46958 980039 424059 279945 48523 953748 
902744
995177
466737
827491
579042
400498
779777
12004
34382
725556
900175
783133
273210
121292
900670
624270
472953
905353
49328
73 28
891082 293771 249300 216405 773455 607621 25384 828934 695847 958328 912488 68785 584308 586158 532774 622923 608261 123872 723924 93335 796389 842856 513344 74998 937747 767895 343967 887383 
474576
615943
960836
830537
592146
24362
499757
869942
989596
222903
928381
945281
579294
593788
423804
691655
590687
601983
442217
35565
235293
566256
429938
321851
819487
54190
12680
423832
53526
966429
708707
973414
657617
119925
982638
147526
719545
951357
156125
442307
993879
933551
861641
651959
143981
674465
76325
412494
793893
803064
614563
895429
25501
106872
276940
878053
914329
172232
742280
99359
985474
390040
878776
805589
187704
750018
134968
117486
791266
160662
166374
417698
539821
15 27
584227 829841 148409 750158 20935 603765 464761 137761 192832 730272 481219 506194 448803 365254 858131 700516 372304 327683 87474 615113 482411 55544 245708 501759 63805 274672 723792 
321172
990215
875229
883513
577143
681480
556509
158305
49184
565049
59511
851209
18383
100848
215785
60 7
331580 332989 572063 639733 928566 938585 430200 
7585
94442
21174
571391
338663
294893
523303
448198
770363
157761
563991
670177
871089
400797
189829
293712
100569
675860
266531
131465
6711
47513
418096
800050
770804
1123
680888
623722
43820
375816
268365
868377
463372
552612
50380
444076
607900
297041
662618
284475
891919
545943
970763
322781
202058
423582
685467
406152
812551
116461
605895
721617
762429
369627
876991
592286
945460
13456
154992
379001
11 39
980384 51970 483513 782670 198308 783985 486120 739357 667245 477297 530879 848199 659702 129783 536167 588419 495969 740137 189829 567799 554618 417218 868805 810815 63837 818315 57129 823024 659915 649966 547472 644496 850160 269778 974279 370371 385324 305445 160780 
255577
876558
513954
352115
554608
949621
644608
121945
151852
236095
484211
60 10
43282 260910 298282 822110 792301 989860 459635 318020 312684 696006 
446605
672708
565777
320624
240049
956993
276544
299416
291624
27081
377061
341985
855638
424203
347507
156022
647013
95295
484851
554183
85698
917857
447800
990356
921089
921801
874499
978010
326674
598295
111528
479691
64647
2581
513293
892520
956168
352415
277476
868524
213053
394764
282487
855795
88519
642693
354806
709505
492231
585378
241349
451230
904209
783387
914632
790974
742984
987270
214553
912911
64 88
659938 764688 780607 352662 121158 12816 389175 508977 669492 285377 422029 892290 869860 43751 984027 626521 891439 35740 893364 95777 249136 181005 303011 611684 440655 332975 693159 281539 342649 563899 242172 621974 791990 455466 116742 126222 293021 683460 369834 179447 581293 810417 4101 920365 258248 620774 782332 234388 398765 989258 159002 305310 820719 436310 82437 533992 650736 890848 534008 569750 750933 560319 900037 492632 749694 455593 136010 712811 375905 353458 323207 958553 75574 984664 91907 373802 290814 384869 155439 79514 881087 208595 324448 704067 27313 71867 596560 282253 
107670
528883
274956
596368
540226
53400
845322
195437
65199
625571
699896
209417
129341
684158
170435
178888
172471
977873
270107
691920
956292
404193
744552
324189
453013
34828
177603
56198
320417
543550
161988
766546
701043
81365
799688
736811
601766
146443
147638
952004
521167
800757
288122
513046
249331
296703
74120
574027
881464
746951
538205
108729
397842
788416
412188
237150
986685
779302
360673
778045
693397
120115
951252
894388
28 86
889717 866622 480723 188326 593196 169661 337079 557884 450842 36890 889597 920628 312311 406343 755544 507452 533925 527238 428072 898387 805457 481515 774327 59761 640782 392977 843144 929228 631813 548535 713901 995239 988723 810323 538964 410991 111458 967959 615343 953748 135527 205452 55133 444008 925541 608121 569899 738469 26730 325381 363576 393213 449507 637154 184398 645469 552415 212680 893647 510827 495475 15788 703186 577864 912247 29706 734038 282627 120702 559331 524079 660757 921146 614727 642440 472738 234441 4842 898502 495465 325369 38011 263908 243502 641843 295373 
487080
669836
293002
526564
65970
881401
205587
54040
729108
975955
730205
646787
74414
998401
249665
339999
912159
100457
61390
531043
116882
495482
622903
606239
17184
794261
368604
534432
84 27
46524 4856 707414 74707 904948 359608 993904 234987 466835 946732 261136 861757 578525 206564 83954 644328 242233 433623 902230 973244 807370 615132 11304 180285 84679 476164 617655 
297126
992679
561410
976720
280590
573501
199224
611349
367967
648802
950710
623504
756763
427160
733964
761928
489927
10101
121600
268382
286544
874985
10069
914823
244855
746768
391678
138927
962869
408274
419421
429237
442557
617320
419789
224812
210242
826683
375802
687541
543152
525067
122987
516288
145107
25033
578832
587281
393503
93232
473427
675750
983985
774970
730019
15023
121865
908574
214217
343818
769793
398200
858534
426791
813357
710119
600545
891793
446612
683079
850969
407518
255830
352498
483549
53657
517190
176768
130808
409426
184872
276652
360117
764993
41 11
783731 140707 715268 160763 976801 411922 900737 909258 926978 355046 451194 
378163
873583
71910
907084
338773
733787
335232
548769
21307
573762
294484
426148
504135
44630
631698
278594
245626
717050
176134
519815
945068
204591
832599
670371
741569
107601
327396
920410
312873
533592
513011
101128
570900
641512
602379
186539
967069
232851
908414
73864
946884
44 11
124991 909127 354441 661399 857397 872495 40006 821291 598911 49538 397882 
759453
528318
695123
797003
425980
637808
676873
279937
534180
399899
444293
488249
190143
41818
971946
825075
65775
978281
618776
130330
848335
552128
107448
196197
798162
973661
457247
174337
860814
885195
466630
928807
587856
123325
98343
879666
310015
32850
251142
633075
300523
755865
370012
790029
73 80
214157 612556 759223 61353 720006 250952 651376 511362 973938 116211 777266 794294 554309 159682 127396 896009 309296 13644 556735 758765 3658 617003 83903 649404 701846 82955 865950 766175 153627 75963 680152 763711 19784 837987 764116 515277 785251 517290 950683 295220 511999 574790 20242 22311 106836 585262 267660 601269 34714 502278 241066 12957 509899 618850 812019 315298 6643 245968 808176 896501 376046 835488 417720 12481 329249 15711 868347 84844 218476 106796 306078 198256 768236 5662 75639 754639 286479 210487 778266 963100 
101606
932091
400356
74898
173346
276870
161633
179001
703590
614384
448058
661127
134594
705986
758097
987089
541235
803727
242968
106500
761464
443540
389788
840210
841883
63223
507831
431623
69156
938714
305812
724169
425752
870162
884881
357935
928235
721671
566424
703070
202866
757593
831128
685626
912333
332199
61303
186126
476688
734241
592489
368419
362681
794415
31923
457798
406452
880268
182961
14889
806501
979183
688993
117420
719613
261042
500026
677250
632956
176432
242306
889892
598964
6 2
952090 724719 
564302
808134
718275
585992
573432
449594
43 69
337947 566427 206795 496964 884793 339166 942094 214484 728558 133321 14666 856870 376742 335592 393154 171129 218545 994547 559272 589780 958796 511697 700246 333540 670106 584400 747643 923781 59414 571775 234217 389302 423892 397011 326868 234275 926137 467798 387432 248737 145766 173586 315692 280504 162960 399459 569615 716395 576385 329281 573063 676268 512564 909078 418425 90504 481115 508526 591586 397740 35723 162908 21550 793059 965420 725097 694079 733018 938317 
199157
162030
620721
464051
221071
729528
76022
641599
138952
613256
22749
817076
365704
123648
606687
860633
92014
428657
401059
594210
132276
125800
440016
250170
686072
690555
445442
414786
267914
553586
20129
348283
213587
841587
845731
477659
337585
762199
895719
254571
379269
440703
15653
41 96
985298 528148 468237 574226 865021 37928 111994 432563 724327 288747 994198 472931 981190 834890 91330 885723 891617 905129 745307 27183 859539 603374 318433 409146 149489 627131 2871 860155 739036 419479 597146 363084 228876 595874 26384 396385 65887 30545 669249 202900 671986 184308 117413 910912 623527 52950 765642 532185 596971 171349 550854 529968 524260 554596 204759 570673 23298 921685 499948 435619 171167 728104 793133 372429 159790 206094 551966 128031 996411 256269 263758 723399 794757 904745 873423 176655 331775 535220 839676 794975 425085 703768 724592 923567 957824 194144 191786 859190 581113 489325 241238 722743 86703 510312 43611 152896 
5872
405063
625896
530827
232365
620703
800219
649243
887871
735600
587249
331529
344738
435797
771965
850916
240443
645779
516947
369648
937177
477148
576580
874560
393138
27992
993761
91517
579076
992588
125542
616145
615104
131779
364469
242675
535465
945753
150715
120540
793169
1 27
563156 179510 577585 421693 796706 374593 676472 399815 58299 61505 120446 806953 713037 163149 801822 347120 856454 736822 543846 335459 528196 747128 395752 201216 777657 434876 722299 
233193
36 3
464263 800435 924515 
687119
755621
734493
390152
795344
522515
512876
622623
571980
955009
796937
982923
11885
670742
174441
572757
684802
78698
694243
424162
839385
39334
651992
257123
494679
799083
31894
497386
819552
432193
272277
443609
499454
131067
300568
539598
52 50
486854 697432 609508 799401 166190 820141 632344 832194 906287 65174 870331 554937 861582 466296 980881 428272 393182 347433 627256 265236 35530 349415 930070 131311 265333 110546 123445 889520 944597 760826 707912 100014 753833 555501 107177 591983 423535 129945 440366 43870 409269 870547 697584 24781 417332 513641 979281 357501 957247 806223 
366815
898861
656661
792232
941026
430740
761562
53964
813759
169577
604435
872055
863823
678926
392059
692923
245865
828939
289646
843667
344721
452083
701951
621673
613043
2586
729599
748417
73861
871793
467155
918614
610294
782916
598673
585207
301201
173380
348058
549804
994091
98844
77381
959963
33198
674592
491490
975720
547954
82429
699740
779181
55 60
336182 547979 536965 726495 360415 493250 534888 986789 942425 98457 324186 846382 804045 418714 671693 401642 401081 531312 873996 653966 954366 837790 914061 989489 879659 827635 351219 778336 71992 443323 642781 438602 758805 423627 496618 756105 841663 508092 564138 841549 863933 887108 864736 33231 446496 897028 322709 718544 112217 539936 645436 977309 678539 831290 796814 404004 250868 638056 913284 762017 
788275
140665
455912
659610
519459
321188
197348
482633
626832
992734
19906
490650
11210
204707
574775
412420
24308
797721
189507
827199
337957
550461
344207
785190
387710
970600
847136
149578
487238
238893
126115
606915
876572
647647
25343
922751
308339
687995
566626
791614
25685
866419
847080
673098
818856
116209
341489
227645
200165
241076
182151
882441
93973
316815
346744
3 46
235283 456540 820133 115253 915886 302852 683812 286668 650282 333387 267568 370562 295704 119596 864812 876964 698809 715045 140016 491709 692261 120578 542361 233031 250512 115011 488056 731960 54999 539197 698342 664506 53523 511544 883907 867284 582787 810580 320057 60378 540940 740809 376262 238066 948121 735936 
748807
140926
604437
6 36
135952 646330 131967 746600 691036 563616 463515 124446 976599 651677 965312 310480 495636 453124 848910 750587 714254 424935 2023 919431 551173 889777 556757 583894 231216 152665 218471 654012 626476 395325 194507 524209 446075 891450 958792 735606 
668563
681188
594029
382200
926736
742003
31 15
917275 669197 850108 61696 699509 611716 610677 586675 869024 964557 340519 135092 185544 242657 279115 
894972
212254
637225
358167
17137
357748
503796
684870
363536
631413
60642
388041
309678
422603
650981
748362
850219
922808
636711
953776
96182
732367
92423
23668
491120
670951
64420
50749
556662
297624
14291
71 65
956029 468869 784073 602383 334127 664568 988 198011 487230 943624 307957 294639 965259 180660 843179 406624 920477 93686 626601 395865 468032 425747 910362 542291 67179 112991 7000 76687 818431 438623 12718 966035 250310 737224 814219 62557 467292 78264 273376 977905 957336 773431 824366 318492 256726 475920 291677 197404 20985 231307 745505 950412 561806 871571 91218 87894 999781 864069 543233 355071 383381 8586 256062 464800 87619 
696141
124479
569109
790185
50379
999582
101980
677656
289019
683494
903486
952959
161122
685463
441383
752330
555728
980450
863599
560065
900597
719839
443683
253613
463553
238692
866824
818153
385713
61495
335011
619720
902569
427843
777568
383467
856151
423510
955315
411264
27391
179249
163540
392887
38023
592044
882538
101121
242067
477352
942752
729812
355456
433062
170551
339184
696300
927616
18027
22717
89220
48208
903110
14861
324090
666863
654090
604658
696504
148932
22742
10 73
919811 810257 778653 923014 491872 498900 847407 268021 415338 388760 853481 688034 927537 184882 426641 49510 540633 840637 31504 377109 996391 291449 539160 717071 48536 567959 753949 905475 518725 300387 974828 321880 98007 330955 282772 413007 945623 340997 323062 893712 511014 874238 187596 339419 401347 467863 118174 70558 141269 725132 76012 920067 911179 350722 874366 377448 314254 221263 315884 682647 301779 824600 333137 190823 499620 304611 916955 285138 23645 290219 97709 946777 570143 
357708
442292
4276
681749
940002
237152
571013
326271
695874
953671
1 4
712186 140391 954200 944422 
571215
57 64
24871 279413 162982 125877 661685 142350 206558 235870 600854 624409 765605 662210 487374 877791 348458 826066 902977 213983 679571 283715 370733 613491 458258 377221 513544 754683 955318 949173 581585 933440 520484 905027 122761 811028 752006 888615 551173 334014 847631 367354 888612 128932 907412 699139 344379 421112 235757 350818 148401 378047 716035 394187 102325 497993 710059 804933 825853 2407 779407 522252 652093 398690 678269 591033 
827935
152823
202276
474161
810418
255315
864649
281779
568932
700802
998588
15935
918756
175605
338222
620234
320846
643404
704175
738793
776420
420848
981798
693187
133646
209297
554167
657420
703739
730173
929299
258116
357605
570656
290364
244534
566600
84417
132261
884656
390700
116429
63199
155604
728788
263327
740460
181196
632834
885482
711753
244648
569901
451904
416340
524436
122550
84 22
49681 9719 489372 153601 628790 93443 330369 298674 495779 936208 892585 779085 394322 881211 280078 146087 768002 938575 965621 905382 701916 238793 
658670
45160
498281
397875
547912
266863
393551
62228
322048
374887
917257
699789
351090
614605
608089
395005
708489
528385
994767
492936
786105
107623
476359
507336
168888
658234
676451
709732
459666
34888
698535
573515
305769
611297
552087
220886
766390
20390
708169
384552
697296
369255
399801
763200
793890
21234
401594
396600
498874
812588
462286
724025
172353
3391
687868
855275
246420
44081
801499
417085
724795
700619
884851
442995
83139
386395
394669
144445
767798
663994
262179
10447
180743
599196
240926
650463
490945
471326
971771
366019
760985
429919
321480
791079
26 34
993047 138358 104624 870496 628473 420598 21991 568553 233539 849800 70530 815706 539660 290128 10938 110500 165610 790728 825058 685487 440194 885152 68980 764856 567698 27615 214055 761422 650343 403759 244449 185128 312100 289470 
249065
739592
485889
790466
408592
147452
274157
971724
11490
435087
984205
410231
74689
466456
679338
164890
395750
784967
229196
797291
551944
335816
410233
345958
919862
923066
32 19
967402 472918 281977 322781 997193 833889 373947 732971 158849 205047 408341 153965 562679 557614 502399 428760 452266 911527 206771 
420094
222017
309041
887995
820615
547097
945974
353851
176974
680446
119217
196379
268266
55079
893001
311997
904052
561237
555650
63870
255331
568014
260068
878197
134491
29878
780513
349219
82529
537912
575803
367536
89 98
131286 194109 689543 163795 437499 486204 868075 149733 627204 421261 683363 512861 976922 700451 922061 114442 825162 110488 171685 522203 958874 866518 203056 910296 801278 685511 452537 672536 616389 130760 119220 611177 859798 627818 316997 805480 163138 648735 657062 323903 79040 91392 651276 860474 375326 595734 729364 20147 385643 441892 716876 324363 152268 49090 811616 982796 612053 840860 614957 702277 599558 144365 284794 784538 899130 70913 760927 628011 341851 38046 243948 57582 261126 187171 318108 28678 209273 842705 324615 814642 390722 873190 286918 437284 198250 272944 616269 815610 399197 692902 146353 115460 41342 230891 132056 824157 887636 190689 
539026
444458
801657
605401
978240
929012
55567
871548
743213
489423
794432
591375
351036
644571
293097
949654
720141
344521
302137
307572
316481
417846
112936
720632
847445
665691
96624
808769
634641
885181
480218
617183
682777
963393
737668
294608
117390
417520
681747
804606
937315
450041
48939
659735
948133
721294
594916
71435
305270
75876
523196
812963
456140
374491
800491
367851
285889
11880
82085
824917
130717
720623
679902
371429
968708
278150
434367
232386
946232
380339
710688
826415
629229
364792
28000
331604
255812
562307
431539
976777
984207
210385
323476
410414
158260
244122
518235
521509
442097
86 93
10176 352313 953063 260842 135201 348377 703571 757692 590984 220895 477111 652893 486679 239677 228439 986319 794749 530740 33875 30655 809833 586334 851165 360182 139248 659921 208307 584867 276603 561244 450030 370078 719450 304051 714095 326466 882595 151565 958058 494284 271614 964556 521010 169948 245243 140755 211162 846957 663744 181062 518286 775957 617785 407495 332857 845399 362177 152236 150230 829484 27947 217471 493096 493806 758093 731453 854883 897355 174138 311980 211705 272415 580833 265034 134947 699689 535194 714983 35703 711100 839919 440605 111114 821974 211664 3395 889438 590593 25820 186005 880835 282449 970814 
98808
343129
3433
49183
9436
867240
447882
12636
914806
988178
326404
264646
395704
707
821124
148983
230744
496919
522251
901306
626488
259019
516692
166617
678892
32752
41080
230120
348381
229922
586996
675301
916293
869838
971453
580174
776097
294869
839259
64561
249355
860114
98019
907207
865427
655258
401366
677701
269373
619301
473783
836312
778076
667988
62485
275269
792609
408266
278199
799964
368600
711895
817402
443924
49218
267311
840656
287434
151500
937573
666384
290394
939723
184569
956667
400171
841545
646176
590635
682197
251141
369276
985354
166388
887403
178695
45 37
533258 405989 640004 388247 797714 439483 183761 332913 215725 576354 589460 798776 653071 689779 307070 327799 855621 867592 239888 838889 440737 792279 570912 796697 466627 593015 260896 52023 540146 714159 534062 573968 809668 632661 220938 932168 224911 
463582
886731
877895
151899
354323
806426
531197
380109
157367
174816
781990
457529
756169
183778
853809
744001
773789
890966
56040
111449
168218
857114
844775
864241
238363
206320
880764
655876
402209
90693
792834
901545
616120
237680
867654
864603
905678
173343
756188
359078
588515
398684
411295
851183
966607
33 9
997385 357696 520337 446213 390387 924560 300025 828145 552916 
860274
558051
709968
864266
188330
351653
717804
692941
528863
397939
986990
728437
904770
911140
345351
981285
479271
834526
481222
689063
174224
41806
896891
845451
4305
36704
487961
755408
958251
445097
439048
158764
560126
24 8
9154 43788 249045 368591 680318 616222 731119 241168 
108282
37089
205148
228782
9343
268974
629207
200226
948195
96946
467115
36504
196730
879404
388750
701514
583484
583413
732124
187893
101917
668062
451413
614159
95 63
677264 528817 526730 807862 61446 733613 667590 768519 244659 28334 157273 796898 803207 480782 208481 783872 455158 482687 425862 610384 730946 676242 383853 684984 74169 293987 838662 757049 952516 417041 13652 408037 45584 200187 642443 420700 819413 399149 63936 244553 316461 479497 570182 581476 579628 764483 932509 181168 375046 609275 462356 799680 21298 71654 956961 438069 966983 679578 188286 358117 281994 184061 595981 
198531
892982
665989
212981
223216
782344
691808
216817
687748
612095
236859
700628
891581
721091
197481
620377
64808
337958
489656
385412
961461
239896
958012
25738
380051
260350
249969
723737
314710
758626
770891
871137
563520
695996
115421
637503
335089
309429
783679
914544
861048
546194
435188
902503
56933
682129
843869
477233
484273
993014
906884
191221
545470
907955
898257
27082
158514
97228
696748
316314
8691
561497
330204
826847
270417
347774
667214
430236
722986
524220
572775
312879
707174
505916
734653
742136
609252
899472
750362
675403
59064
35798
67539
655818
210807
262660
183811
767852
942622
110002
357576
566046
614920
340442
740295
64 1
157882 
878991
356992
459798
777385
864496
969562
404541
314606
52772
790776
717473
780603
733096
364931
76054
938250
632369
692057
669851
605762
613592
507464
461699
145258
26478
641178
737207
513167
700921
508885
496369
774456
371450
474078
221210
800805
830639
831557
971140
877417
916483
7385
544634
760840
346820
841095
449381
361053
714919
514371
434728
773492
949928
350106
558186
422026
20763
523376
413961
216656
104162
268953
668639
854167
82 60
375700 271630 206820 155834 8469 73140 889412 180759 793567 657423 936125 449034 427419 554667 758145 418310 837020 333530 784836 674333 467546 648570 576760 453959 264443 212971 664121 829497 227910 236701 724943 881585 429753 761053 716381 33763 212621 892020 995511 592610 815367 194109 167964 714765 331597 992506 616367 104908 11309 420261 184457 483035 534045 564553 505112 80040 755483 802134 214265 586631 
796575
687335
106204
184883
298415
854200
447486
74764
662131
759759
303635
575779
869652
654819
75858
122229
333469
83890
975892
940632
795843
619465
218993
688414
228872
84856
414071
506645
295727
121398
816461
124415
542978
720512
482331
372671
313710
659312
331132
196279
474823
872479
73869
173828
596241
6145
328709
431791
838843
525653
859646
497686
172047
272626
568506
505712
779304
832258
379903
943241
275610
98857
35848
864191
99256
304994
791237
827213
568113
668132
618566
191754
808354
764766
124290
406972
25319
74469
570994
207931
273325
696309
6 68
167714 255562 199067 72038 53738 567892 464319 554343 987626 380934 250606 359450 486626 431160 240569 949891 513815 37271 813966 765741 488839 487284 537112 328125 893661 169440 591119 319606 180040 439296 248341 260159 276810 537472 906313 36767 208042 498814 799296 40242 644927 447393 587878 263044 255064 999508 8291 586116 875897 886373 694680 35788 425690 733112 766561 771953 380641 291971 713630 274233 899158 517339 218016 875503 694673 652973 223711 545869 
457507
10723
228581
136435
267109
405639
63 5
237926 129752 822547 720088 188584 
140586
660969
272099
737011
78834
749013
737240
5696
601578
966252
622842
231384
879101
967837
220040
564125
965243
351343
600256
511274
830934
580062
245058
537029
605522
888506
973592
886064
265463
105601
976075
867585
358540
483123
101988
768914
345295
376459
372899
764195
12410
415681
287133
503146
452049
847536
186291
358568
990381
821039
402280
948478
888458
95063
601907
790140
569775
228068
302760
359890
620735
415155
685253
44 94
869868 167746 861661 53126 744826 845429 186389 215984 770625 89810 671077 259714 144168 509550 754831 972993 391338 441504 134428 660372 821501 879765 694679 805226 603293 786062 569458 261732 283016 165141 240416 756590 510889 310545 461732 994951 169729 870033 438673 870295 94595 506373 848281 994948 277550 918015 216049 868222 163987 733665 990840 499467 183873 719065 818023 192236 78708 287252 361217 778914 96833 508039 93434 414460 225086 355967 429421 294549 167081 490779 760870 173010 320000 121907 855464 716381 910829 586334 602279 985614 263422 510523 913138 146705 83612 100752 481326 641679 598733 861094 572397 54172 759671 313731 
461191
107552
840042
837112
999460
296394
345376
204839
890886
987784
735382
392407
966968
812502
314517
593434
824024
477876
169687
280577
454991
226132
624570
564924
767657
371996
211782
465896
92896
840931
998109
316227
771822
910156
707198
575666
413751
729937
526500
216162
381260
737401
572055
676728
65 20
796501 933853 265154 47257 795772 115326 88908 544900 303295 209496 230577 337951 269101 121984 681143 208764 467783 190163 469279 418260 
487853
214839
11527
62765
210140
227860
495385
334902
916010
369963
884232
936910
299127
973384
112103
69622
935014
623087
857146
665576
832772
159986
814856
538758
63116
472504
855919
576374
710128
307394
58138
752922
660966
714662
648276
608084
160171
660879
28060
497496
944356
986373
697455
516024
469457
733063
309873
155343
972735
872543
545861
793135
216458
162082
39934
484381
641361
566573
527722
814794
857583
839231
767717
420419
661246
62 96
666675 458389 10143 373243 691283 500420 595217 893364 514220 365955 381438 306586 460855 750320 779300 136350 291995 534317 758741 152128 845785 33715 580137 196812 475028 999629 898852 276133 581771 608986 803378 108734 763230 601052 153365 266348 527939 38775 371423 439409 448683 922705 467442 819158 54426 592125 370357 179515 406738 59744 37902 325791 241861 241127 482921 593200 717788 875616 562251 867393 198247 648409 109705 608871 654424 672947 456291 431896 832166 64818 459259 127518 824029 112802 962425 974061 384642 470804 988780 775358 829444 111299 387414 695524 588875 723437 222239 224908 23083 27951 14484 922554 373999 840395 187979 535504 
279423
931190
45118
341154
825618
921761
228013
560340
899838
211442
38011
760910
45336
300642
470173
128681
265040
291125
604580
146009
394777
4923
515875
512410
396965
898325
662765
639613
773012
707869
389575
772207
111583
275146
311547
954926
179364
328274
657928
615316
348306
771922
933311
886222
304781
799169
180340
119413
484732
782291
98940
594390
852013
227759
937446
905516
235407
136551
861858
787420
203509
369320
0 56
939968 491639 952295 902240 210536 940569 676524 442389 360645 375817 841205 328640 997698 610397 545473 159546 300267 224685 741188 648798 386480 920674 948613 445022 623937 805283 381628 979514 897163 738758 196742 627784 739740 521645 844787 91719 148112 721047 956599 188250 865808 536376 408906 382776 998093 224492 532475 104823 854053 919450 994387 345825 895038 250223 948163 822664 
48 58
20785 602263 308720 950624 68430 441500 550993 274393 313868 611504 917269 6503 953643 904549 163379 511938 33710 570643 40760 987346 3543 722754 49935 492629 925790 567901 391366 560078 800033 440887 284287 977394 535091 213897 703930 921459 83931 377183 595326 272200 13327 828647 820150 920927 734448 387522 962537 90675 490485 134379 577575 44063 949206 750 260401 891747 453646 40514 
636228
919873
94234
102180
704991
908503
232374
34561
926612
916065
132858
646149
563679
987922
616507
376581
793049
560549
781157
360211
198194
45934
390731
593248
256433
244322
811860
87222
889513
189108
730181
179246
884031
370295
79897
582387
154524
598827
561492
378617
750276
648267
288211
875297
339355
695302
535918
391568
48 23
128524 901251 777768 313392 263868 597963 475144 336748 663627 750878 343443 261980 437443 591958 607016 627114 147233 468596 273374 704742 485635 593281 513431 
572245
52200
206391
176520
886507
29072
311953
242333
806229
278302
230381
913632
661994
179365
773538
594797
294848
362254
321640
686511
383418
957390
810209
368084
232763
38550
224440
687823
744867
700648
141719
771398
910117
854157
673197
192829
535995
547763
489334
85354
422244
543404
620270
31105
21014
781936
544809
909731
33 70
168697 456164 746069 185139 998528 792990 978542 61863 883417 211110 280817 438207 48424 812204 536836 593877 942757 393510 596587 611984 274819 758251 453610 109557 747814 910875 304620 696221 257855 431495 249854 346018 133470 493562 917886 45552 93391 856767 992271 415088 677423 828863 354322 923191 942968 267232 391593 211706 309874 177969 507941 829660 733221 929394 232867 859218 504336 238624 114119 193884 503234 99945 116499 512475 84186 606685 519102 100121 510878 908665 
336619
878929
694668
279018
988659
869017
826526
651424
77695
534994
368916
294069
921774
12728
921120
602954
164654
219468
797421
974779
158630
617259
521961
774465
766634
410094
947329
528822
174918
495627
154080
505945
397255
75 2
120265 30136 
572594
413898
371393
559777
934676
574342
631044
360233
659269
442746
870008
145981
23892
627208
430405
684856
904969
924686
95227
143730
796292
852395
820661
256316
946086
265277
841732
499072
89056
914544
393088
952288
896834
641137
952157
156811
559909
345533
395876
687270
766310
710691
276251
825021
256731
15830
78710
878023
884075
839588
584727
472443
277500
772319
823817
895151
483979
923503
31081
267748
50296
77610
199344
943903
176004
589787
639244
650735
8383
893081
33373
141861
545946
192688
600931
44 34
442491 340302 259062 338157 895081 647103 681165 749969 749219 530799 374262 874076 611196 99948 89308 504178 593309 862540 240727 701267 796439 416239 419894 984675 47696 37402 597240 684542 566916 84087 586128 669329 670071 146684 
443993
262883
744488
557312
259106
438701
129260
50005
981408
503011
954693
321864
583727
113105
531026
65393
516203
340820
998325
121915
202051
123114
721446
66472
993734
249544
299909
169493
211675
134383
18871
636959
467615
972991
557593
27195
280974
566195
229512
218652
672856
891046
469145
151466
25 78
963167 597278 35766 952260 360941 962412 331131 176901 973490 969133 662475 447298 786795 908017 52264 137506 724135 441690 73069 463832 252042 592066 903071 820489 67432 326876 679219 795608 121053 42216 326567 297625 840566 556584 791327 865033 718710 890094 91565 960873 234446 609779 232341 600293 778186 591299 305363 468693 683902 773004 773459 460147 811908 729450 686340 870904 134707 324948 357484 753512 233194 6833 596093 49302 632153 474099 855510 766484 685573 90107 386098 582654 884290 446327 910218 112069 475815 390976 
974235
556322
639704
834489
41505
152574
70545
704381
786287
115856
783363
379493
544054
953749
792745
894334
354869
400367
207687
414267
9
914462
118497
730108
525502
54 17
954554 514983 757044 885261 696525 785803 14505 209027 917743 952369 113668 817044 271170 373818 210775 12278 649961 
973201
777345
650839
634731
420857
260460
673800
561857
372064
855855
33036
812644
47137
199946
966701
545731
861483
651874
823164
827735
244050
104213
801329
910470
840740
466616
878399
893612
377957
19369
777757
140423
882872
81784
739362
941135
561283
980675
841972
820371
231664
683825
369963
199092
625608
551020
792262
506838
446533
102245
967003
189116
113023
200745
90 19
209258 655450 889958 916162 771704 363954 250204 360416 851118 121144 120920 928195 191623 707295 974786 273978 193806 68677 232917 
339386
483963
295856
952188
495863
581279
375073
928992
284704
716375
133237
993226
932286
272217
584094
990407
622575
326326
142608
103169
495994
306469
394371
249826
538286
691741
334669
341310
500545
174513
112107
720978
261628
825278
128645
386078
482722
410774
233450
189062
215636
87651
79741
388952
633887
287244
243718
452673
777770
690231
103203
502655
819248
210392
956885
642583
89394
681489
86889
272807
97561
375286
12651
599740
232458
200534
366694
855023
725061
424539
852874
922532
19401
749180
927591
97332
997191
646405
570939
53511
672343
812056
72623
594289
746524
838913
708909
85181
144760
558505
47 75
407170 779938 801809 982795 206292 552630 927967 363052 713828 374555 601906 978251 776076 238878 239241 955423 727617 186256 908860 410420 795337 302907 500419 810516 104248 619339 214231 310525 726854 178656 830811 17423 984709 683484 833003 232258 795706 717768 507956 730066 522922 628859 792109 823124 132679 600264 324020 236438 252260 159175 364397 561363 526228 181663 646711 625308 104009 584832 106531 703048 805017 828805 99287 411586 937371 801786 979546 332258 411828 135219 616719 547016 60957 375099 89493 
562832
326060
233975
963220
872631
546549
683473
900437
200276
819034
604180
122328
473889
862452
17270
945455
869443
828243
369559
889516
799934
762161
460117
607902
853358
165845
566798
792090
892245
211809
115359
241376
677378
643237
64215
908589
849727
534171
598357
574576
218856
91470
438572
773373
611812
213511
146082
70 93
798817 826305 944520 392146 213663 267824 264902 79807 714717 357105 418967 143615 422768 955999 77579 742677 201142 738627 872591 637291 596629 296549 203719 191281 838668 844005 25757 81665 764353 867962 221000 299430 11069 384687 583106 552847 614142 19051 411032 763790 748753 395015 654144 604504 134020 807581 597579 802952 718740 723550 69165 317441 921138 379436 258433 854127 309502 920623 361848 917118 493316 934340 102389 693681 521983 213941 790588 344679 669254 733473 122007 869105 738371 752411 806569 80078 917892 186574 601313 132010 702584 590197 53587 853212 133714 4076 336806 785714 807748 230273 650814 445038 417946 
684411
806418
217347
794734
80390
595005
905341
635336
626024
200547
196908
744421
619474
219227
415117
752025
283259
781105
318938
819569
983255
79474
637764
233551
769184
602509
853795
603719
609655
639279
813271
608349
669986
643548
631399
131991
640881
628413
143764
983471
219550
258526
931314
350561
52271
703587
142949
879408
224496
832309
879719
700089
903901
603490
910434
944821
182462
188601
184185
225621
935358
51372
948187
25893
436816
376949
783798
424518
6443
384818
68 5
574383 851047 729602 937282 195614 
747100
156315
780347
535534
12044
326775
81777
717583
447908
134081
640205
648392
930640
622551
517547
21196
615647
877416
358799
460444
313174
188889
645838
70589
888803
94024
342675
597001
849634
752223
288295
202260
99272
539545
347809
422268
25508
113048
277288
442965
590744
3449
5806
499865
466024
809739
592852
581833
332235
185633
59336
341189
281415
837567
712119
158585
221303
254954
408368
118965
407646
446452
274635
396318
58380
546753
172756
718351
52 46
283274 679294 238952 49183 437216 837424 160490 258343 47112 954023 234926 271281 652519 436985 862562 391407 970113 213518 744630 202983 610915 79048 347158 337148 663855 611916 398733 928138 721966 959889 148215 301192 644801 345044 661847 11241 814567 162257 395907 516111 666323 64351 515197 346622 62753 419009 
194358
112588
622910
333987
279975
937762
80655
947348
328877
54874
555614
416921
742607
353398
807324
553891
304413
487564
747694
959832
507200
700047
333203
723400
406330
66345
340144
268814
25766
985666
958492
242326
501566
513084
368719
239096
230789
413547
351326
299027
329616
980816
75116
540316
926119
755396
589488
53723
143659
18190
545485
929078
37 58
622372 668013 557024 622077 791525 27811 942180 5589 771616 651655 866720 61158 153398 817554 422673 970880 74768 712902 340065 898487 487781 977764 293164 565782 363532 225248 978813 964834 266096 535642 550989 14739 679047 74861 915771 853517 948507 713851 839852 103082 541655 254369 938756 486609 23954 424728 789671 795840 982668 676583 449158 928129 268875 944392 556564 636652 432694 62010 
417449
687819
795878
953328
334987
733059
103931
798806
295995
468202
212768
463484
249836
272080
955360
629720
562016
219846
489227
764656
461680
478598
697167
226676
729199
732856
479479
621926
392112
634158
292944
226707
517183
485005
723248
53336
632761
61 71
454900 460217 356970 611039 153602 866295 563143 428032 709577 877357 96294 810602 653326 538270 407996 636049 458116 763840 403536 288552 943173 608584 659634 137706 727070 234000 550204 682707 305057 418196 583209 332715 839869 980819 493839 689863 353127 263588 801182 579502 874942 102655 241778 108241 18756 483456 74234 360648 202969 246417 127055 926397 595998 632301 797474 469383 225126 870005 63770 27758 378854 262504 481466 82285 206792 907560 405649 227629 125980 604760 557599 
543462
643646
952487
798137
117316
970738
355233
148689
188474
233909
75156
524885
180458
763879
497657
547824
504100
765656
956838
803137
661133
717782
633759
988667
272241
694024
809580
436122
742880
431768
293540
900724
428172
383236
455226
398869
999188
535712
788988
199097
253591
212808
335133
222689
819848
403994
386250
849876
709668
237861
713870
689424
976478
939563
775001
914670
174758
129664
106053
51760
367344
91 0

114020
425961
216963
24632
579201
339008
710850
458505
78494
72512
790221
1988
493530
187459
218325
619580
797205
354481
391763
348625
639601
940254
611907
320387
95977
299871
768482
73356
368248
645979
873475
551993
82247
549275
739581
812577
150603
887488
612432
154253
911235
784721
619771
605179
419714
889246
995077
902205
905361
843400
485255
667368
288229
554869
376428
380674
338285
391903
412362
134150
123315
198864
823601
678910
351558
128936
823164
953687
992331
173945
457183
392804
941352
894989
833985
231163
875511
628906
762379
775946
4951
356844
930558
714638
244054
825238
571856
101923
703200
748312
871655
98 13
682933 946144 92302 503980 518281 662433 937702 411849 457500 679319 38337 223535 858999 
692779
143942
124969
594032
395512
909906
93948
254251
254964
677773
124884
267896
643886
195727
927144
369724
645214
912267
647199
224468
971135
435594
349006
501691
601020
509210
202388
755960
37293
346157
528851
850729
612263
606631
362461
111261
985279
453506
979171
831388
614727
535609
10744
232130
560532
34337
388454
963620
267132
609111
141231
787979
186268
946306
276053
800687
212914
760011
740492
689478
543225
534705
322785
385277
303562
457593
493234
738808
236638
205855
294420
911675
478204
529460
280242
339729
195822
694813
895604
313876
565712
140773
351074
339197
903653
690059
443558
318870
684136
337863
116260
61056
211620
807835
649554
174826
142663
796572
34 73
898903 21224 980266 131970 94154 866075 725942 192503 466966 444188 699167 808386 302590 397670 601780 967670 338230 946169 605692 861187 433258 205646 857422 450642 700837 492764 960328 551835 962122 479647 873459 383916 511219 271780 820492 86240 518611 288426 761765 326124 7972 140805 511082 731743 250492 306362 882517 657800 87828 116359 413430 742195 953064 596788 980854 888034 396405 874859 971123 276838 115846 991662 552746 867118 312873 689263 960656 124509 964771 452800 865313 857499 147714 
505640
611004
365988
269687
847505
730394
46756
162210
260545
865417
659139
80836
248669
617184
914016
793579
485216
799941
419740
607581
853354
556563
914907
352067
763205
772895
46973
875480
497967
880928
628050
404629
822841
98870
35 54
861328 210080 935246 627611 748251 353891 399645 17250 598000 546882 517182 373005 905919 498687 183138 837128 51546 888438 96 327831 675745 344687 844660 622842 306602 623436 596430 799533 790218 404194 444698 515605 207126 364927 739288 540799 530711 467913 498007 655937 820085 154470 333284 755968 22574 768250 428067 107113 40932 447799 626222 211672 437555 983159 
321969
457187
723481
519311
21890
559257
529601
859766
42871
739886
634313
507681
541147
659953
275870
481439
863850
546016
353845
782194
505323
645668
689072
925218
237544
277149
532001
664526
401925
601429
663179
459944
237296
881049
653807
73 79
387350 806213 956448 746356 549178 992187 434505 900703 350582 894007 285043 46323 762522 910756 47134 599311 615897 985597 127378 449897 973934 717166 679115 413411 647578 349900 94320 804088 285948 204663 228863 113434 983417 862863 397102 67312 179212 346777 890160 179228 85273 895869 583695 931268 337390 900082 455436 598823 845109 505197 640229 303394 622702 23114 385407 466696 308731 685268 641669 773618 205200 361323 204739 865607 845880 796065 717474 467217 302656 568534 308302 652512 958 537360 285754 481787 735055 5066 17633 
746462
966166
95363
685311
746381
473121
51586
931091
153938
93557
927135
912438
344873
282281
643293
448073
744622
321108
280568
753014
352420
157093
750986
260381
167153
258040
198335
621856
903603
816472
573865
551379
855964
848719
859412
66899
904033
634053
248210
675807
643227
954229
22896
975416
375400
484589
568922
855389
893557
479096
164370
252230
729059
682151
451725
564235
517827
875707
254395
345749
933243
147903
162885
159409
547922
229922
74037
224191
128135
184881
72198
833502
351984
89 84
689065 833863 239917 636687 416336 66360 357572 201685 448279 11690 67649 214398 131503 599201 668686 586959 803702 547936 791218 381074 929584 809509 154752 478269 531271 917765 296599 703685 464984 796525 685495 738034 729394 634529 627552 652285 324306 284413 574851 244661 188077 676074 91193 785781 903151 252445 117848 859297 305098 169739 687258 163587 462545 650475 890874 484449 114160 193189 878152 446721 402122 600566 145706 989020 436771 832088 380074 810295 255652 720264 463100 607987 785721 871008 303649 122689 210669 633846 428100 763079 42990 554082 207673 834390 
925755
444368
252272
350575
995755
29030
110004
149247
305632
222559
808513
50696
745397
947295
832879
125144
275233
617138
282856
323421
607016
921229
290884
868006
9078
534620
523640
410737
353191
975129
941692
563370
938145
342267
43644
641553
440371
390230
875131
320305
363710
588121
355535
833555
20163
827453
794219
985013
483271
662664
729298
964097
495255
154187
640483
779861
83231
711941
319362
164634
803915
230556
77449
235787
968395
332326
260142
376120
713205
808778
175128
767644
617270
309901
867789
132871
350858
284353
855674
933562
508389
686818
505558
398962
604043
845293
484942
533406
120889
79 95
845449 774840 498486 338688 458562 440280 683793 853915 634945 867203 362528 297131 55562 144354 790876 411705 156301 17381 580820 183186 24875 300819 200321 550502 681772 816799 691491 184237 77986 373566 448243 96420 585329 183399 596876 572113 179879 342344 205835 770996 692332 817997 234082 456046 117883 189235 895783 360115 478121 159326 561423 968247 341215 906628 675728 806387 228370 886344 30007 851299 645734 429762 971847 848216 149485 95461 785024 893934 217821 618436 561430 794259 643584 116765 230306 749070 627818 472845 73147 561877 965657 674172 591292 116868 18834 820373 817616 489554 973873 246348 768003 105911 836347 588643 136679 
956517
420175
635202
227729
448569
315978
568028
6754
332243
300561
359493
923332
147840
210198
542103
10192
457664
727481
216041
160776
384877
571071
497875
746184
178422
503023
592901
753827
571774
822013
608830
11429
229165
672441
489985
646324
308783
685361
53744
676624
730440
655370
492186
609489
349921
70628
615392
576798
68725
266263
243377
806811
994272
29885
226731
839244
392566
532357
335352
376524
36043
496773
846784
942470
1199
342302
426524
79573
397797
621548
225673
846254
484993
661725
211921
121801
428192
508869
679637
99 71
402633 884097 766052 65714 236801 623863 26954 133847 727072 787746 27347 228110 737492 663251 226081 571062 969973 234606 90963 828403 100753 931139 536142 583669 60510 581694 759761 827985 688597 994835 327718 888797 169952 640270 774084 445421 337373 115060 275114 590634 801086 109439 950248 992742 252626 848573 376548 661910 557747 350900 48424 236913 293169 144425 851902 321909 876277 288366 840294 451416 270037 429751 856639 548037 340767 724419 49870 364189 48550 224448 403066 
515444
706064
112471
393989
74920
756678
808533
130153
433401
975402
726031
819150
1277
321254
158652
126851
569385
741383
290447
227838
886259
145537
880816
461742
968971
445987
329233
358522
910112
767374
418140
248421
394212
146985
313992
510182
962784
692060
267468
834572
393735
111965
994177
198720
473292
271786
205258
400209
679487
729018
29549
911396
116850
562261
44300
649041
366998
985003
460411
884402
249028
94687
991962
841838
935858
969955
549622
242187
485125
140450
365880
490516
630549
968975
473982
857478
183044
297897
417889
472977
770592
295130
729831
626042
449361
505812
814774
138985
523604
607940
540094
361774
172026
221954
357031
762125
83383
83069
907900
92 37
159185 78039 374509 169938 36493 60423 845075 944127 917549 871829 189499 995695 828861 738204 322188 858691 787385 351992 329605 430031 813286 176168 347936 18628 450899 805804 832822 620449 439920 504073 229883 520793 520258 115889 656102 850693 210952 
434602
969900
548302
546413
370980
30840
71104
734086
814276
750248
759905
806797
429905
25350
842925
304955
218788
956484
372737
853230
729678
727126
349621
329856
453414
560503
919285
518095
559731
116909
913963
672596
14710
356829
864613
131155
850253
828134
412414
541101
107799
586637
104676
334584
261489
97403
82887
659671
514020
975513
698532
685885
311345
177724
735482
266210
429718
250420
934945
329832
530768
906634
19190
392935
236284
857532
964940
103421
773932
938650
990792
476228
564196
517598
34794
346411
768787
912049
233783
279277
717864
620231
463528
442918
425393
893856
893613
490457
508112
757546
975225
936675
33 27
933202 637710 175174 336255 143546 757516 292391 777712 330396 120265 412594 834182 826920 215028 766 111994 515317 210539 269095 21142 829649 726561 256776 987524 168941 252996 317173 
481889
487155
643419
32091
739143
37133
486980
231933
610589
693858
631164
43455
674860
531324
97956
770307
263962
882489
190629
85692
16384
461081
562411
634395
275079
280317
168102
411624
756108
717832
235330
275334
126507
14 26
662390 842557 961237 880716 998045 112503 546607 724253 393480 516462 129503 28629 27442 594740 750920 637837 851040 213985 762879 564028 900511 681649 137545 536226 773135 891745 
518119
309572
994654
952033
200319
374426
570446
477647
529674
72968
424994
668762
56447
60446
71 37
636004 214813 822484 764476 388797 82514 574873 412652 121777 339861 62554 410782 833025 832047 131706 240787 657692 845839 357665 620203 843527 262403 706670 270542 849865 700167 295977 63894 792594 261461 743152 362237 504058 21206 533300 452444 105467 
757174
382637
739532
304571
945418
497594
624179
94722
348371
614367
509759
722869
980939
296424
446476
144246
263339
415423
899339
984792
394679
146476
87798
176072
973836
383316
822062
962966
364104
756098
577857
890738
812367
974549
197327
289552
830033
624916
289148
898813
199146
650978
403056
849872
963973
396978
815665
659594
928067
340708
880587
912373
178554
531515
576007
173033
466335
72701
420995
368549
291939
669290
9279
641665
718652
823697
244489
953371
676854
264056
952406
50 55
368062 804748 798135 495879 981192 872699 326672 740557 634652 203630 627683 436006 339017 405561 349875 345576 210522 529302 93550 345044 752491 395727 413739 482754 262188 93165 634123 434984 694750 495432 371823 190751 935153 102169 467849 808512 984195 940333 583943 708379 554787 327500 901444 996672 538543 679 588953 710456 189016 782721 894922 379524 915396 700567 480148 
633203
898857
594575
943404
781868
42521
11983
405224
328398
35434
943702
577099
128756
557678
487403
591034
759063
959379
868012
593390
566092
114132
698693
350008
754659
256441
987253
774787
612087
157239
764266
296351
706376
924550
346657
673774
170197
658774
926483
703764
442839
244474
451349
493012
889685
362982
467439
104156
499751
161572
48 38
144077 258895 204890 876473 674806 573875 670202 890902 810065 875136 361142 994239 298161 477621 801648 721282 475039 54629 369354 117406 320077 221142 276418 372266 347779 515218 78686 396596 915439 910256 471006 455764 911296 721021 38218 457409 840341 294287 
552193
822587
8786
931375
861152
371557
671342
884073
150730
358666
720491
353777
967617
944961
616749
581642
14820
946345
495179
40916
891715
493184
365471
719005
150934
900661
473861
507170
132434
722275
705944
182257
538478
46938
506132
198156
957659
494583
385157
412904
826225
356216
886296
857363
939844
771001
674585
877609
79 39
393313 695307 437134 163241 348243 602639 183238 163235 556172 103998 494524 788587 391215 731354 600596 69983 203834 284222 245975 221834 901543 844154 369010 384638 67834 365320 23853 838517 583306 571292 959818 582474 478196 22560 528757 940678 804226 392236 744020 
175876
439615
616717
198719
241783
682065
306350
639706
14707
862171
631639
364770
329177
492371
89657
413342
804556
194375
801240
298302
211962
608271
596518
60776
996396
279021
470962
610279
268039
768058
460824
922156
370723
583188
361279
321198
528802
793726
8880
259099
838706
209885
653009
236245
241292
221215
101166
96469
664878
926964
957311
490076
314975
363280
939243
595630
857878
823090
277994
405347
918185
969063
497623
136252
12711
783359
860408
180739
69827
289628
269802
665943
409100
373796
641475
290238
657091
718184
939263
39 32
437466 613788 248267 16264 124832 140944 596568 632358 307811 544631 269877 243629 171552 398845 486918 764013 578791 344555 547577 910605 403300 391822 280530 135500 988141 981703 733862 304890 246196 346911 944376 698205 
702154
900546
542680
367000
236390
739232
628149
322457
588657
756236
499432
774522
99201
477072
482514
808941
805944
596355
668208
248814
856454
29813
583798
374947
261096
216625
660080
897077
313561
155069
191971
503866
757777
850022
554692
455301
663766
427612
137001
24 10
824926 548270 976799 43566 570603 824532 110078 766586 717225 569716 
665536
26150
733939
174944
163498
251593
870524
585610
154105
854150
117077
543312
545234
256093
661713
799553
736457
877928
686325
76975
134250
360725
396450
758480
59 52
696183 868929 992647 140878 606045 960190 353102 926791 773042 432100 215472 764902 292927 768860 636909 659648 261031 899100 506048 996105 755539 992212 817248 553371 732352 573174 571834 953044 29489 8006 337945 647534 132918 301600 735340 495034 941891 67059 755767 128607 912597 478880 644677 155499 506554 980045 541004 812085 818156 213989 54053 493348 
551223
732198
771995
537091
856439
539283
488500
940240
587293
283845
933636
391071
793669
766687
333425
234980
995093
42187
519432
468661
54310
11439
619557
710848
321485
519897
199184
124906
19161
659040
220145
131385
248850
799412
704483
134246
206548
724398
106799
45657
400127
645892
466779
398866
466921
705100
966483
646451
46605
412399
418873
219948
79660
75385
770355
910655
723695
62120
84754
